<?xml version="1.0"?>
<mesh xmlns:xsi="http://www.w3.org/2001/XMLSchema-instance" xmlns:xsd="http://www.w3.org/2001/XMLSchema">
  <header boneCount="153" boneDataStart="40" materialCount="1" materialDataStart="15340" vertexCount="2248" vertexDataStart="15468" faceCount="1114" faceDataStart="195308" padding="AAAAAAAAAAA=" />
  <materials>
    <material id="art/meshes/Monsters/DragonBlack/DragonBlack.mdf">
      <id_hex_preserve>YXJ0L21lc2hlcy9Nb25zdGVycy9EcmFnb25CbGFjay9EcmFnb25CbGFjay5tZGYAEBwvAIgAAAAAAAAAwWBAAMFgQACw/xIA9GT7d0gW+Hd5Qup31P4SAAEAAACZnjYAAAAAAOT+EgCHzkAAsP8SAHvXQAD/////FQAAAMD/EgA=</id_hex_preserve>
    </material>
  </materials>
  <bones>
    <bone name="Bip01">
      <flags>0</flags>
      <parent_id>-1</parent_id>
      <full_world_inverse m00="1E-06" m01="-1.913866E-08" m02="1" m03="18.8427925" m10="1" m11="7.71687673E-16" m12="-1E-06" m13="-1.88427912E-05" m21="1" m23="-47.8006058" />
      <name_hex_preserve>QmlwMDEAAAAAAAAAAAAAAAAAAAAAAAAAAAAAAAAAAAAAAAAAAAAAAAAAAAAAAAAA</name_hex_preserve>
    </bone>
    <bone name="Bip01 Footsteps">
      <flags>0</flags>
      <parent_id>0</parent_id>
      <full_world_inverse m00="1" m01="-1.83669726E-14" m03="1.285382E-12" m11="1.913866E-08" m12="-1" m13="-18.8427925" m21="1" m23="-0.174995422" />
      <name_hex_preserve>QmlwMDEgRm9vdHN0ZXBzAAAAAAAAAAAAAAAAAAAAAAAAAAAAAAAAAAAAAAAAAAAA</name_hex_preserve>
    </bone>
    <bone name="Bip01 Pelvis">
      <flags>0</flags>
      <parent_id>0</parent_id>
      <full_world_inverse m00="-1E-06" m01="1" m02="2E-12" m03="-47.8006058" m10="2E-06" m11="-1.913766E-08" m12="1" m13="18.8429375" m20="1" m21="1E-06" m22="-2E-06" m23="-8.548633E-05" />
      <name_hex_preserve>QmlwMDEgUGVsdmlzAAAAAAAAAAAAAAAAAAAAAAAAAAAAAAAAAAAAAAAAAAAAAAAA</name_hex_preserve>
    </bone>
    <bone name="Bip01 Spine">
      <flags>0</flags>
      <parent_id>2</parent_id>
      <full_world_inverse m00="9.713854E-07" m01="-0.009522985" m02="0.999954343" m03="15.6499758" m10="-3.00938564E-06" m11="-0.9999542" m12="-0.009522993" m13="42.9629631" m20="1" m21="-3.00934016E-06" m22="-1.03813773E-06" m23="0.0001230155" />
      <name_hex_preserve>QmlwMDEgU3BpbmUAAAAAAAAAAAAAAAAAAAAAAAAAAAAAAAAAAAAAAAAAAAAAAAAA</name_hex_preserve>
    </bone>
    <bone name="Bip01 L Thigh">
      <flags>0</flags>
      <parent_id>3</parent_id>
      <full_world_inverse m00="0.0499695" m01="-0.9571327" m02="-0.2853048" m03="39.57718" m10="0.116428353" m11="-0.278131485" m12="0.9534605" m13="29.4006977" m20="-0.991941452" m21="-0.08086078" m22="0.0975393653" m23="21.55126" />
      <name_hex_preserve>QmlwMDEgTCBUaGlnaAAAAAAAAAAAAAAAAAAAAAAAAAAAAAAAAAAAAAAAAAAAAAAA</name_hex_preserve>
    </bone>
    <bone name="Bip01 L Calf">
      <flags>0</flags>
      <parent_id>4</parent_id>
      <full_world_inverse m00="0.00518199243" m01="-0.7951024" m02="-0.6064526" m03="8.221004" m10="0.126592517" m11="-0.6010596" m12="0.7891143" m13="34.604805" m20="-0.991941452" m21="-0.08086078" m22="0.0975393653" m23="21.5512581" />
      <name_hex_preserve>QmlwMDEgTCBDYWxmAAAAAAAAAAAAAAAAAAAAAAAAAAAAAAAAAAAAAAAAAAAAAAAA</name_hex_preserve>
    </bone>
    <bone name="Bip01 L HorseLink">
      <flags>0</flags>
      <parent_id>5</parent_id>
      <full_world_inverse m00="0.09162344" m01="-0.9895384" m02="0.111436404" m03="20.0835266" m10="0.0875080749" m11="0.119475156" m12="0.988973141" m13="28.7081776" m20="-0.991941452" m21="-0.08086078" m22="0.0975393653" m23="21.55126" />
      <name_hex_preserve>QmlwMDEgTCBIb3JzZUxpbmsAAAAAAAAAAAAAAAAAAAAAAAAAAAAAAAAAAAAAAAAA</name_hex_preserve>
    </bone>
    <bone name="Bip01 L Foot">
      <flags>0</flags>
      <parent_id>6</parent_id>
      <full_world_inverse m00="2.92325524E-07" m01="-0.9999993" m02="-5.825991E-07" m03="5.79852962" m10="0.165048912" m11="2.20944514E-07" m12="0.9862851" m13="27.9076328" m20="-0.9862855" m21="1.82313926E-07" m22="0.165048748" m23="23.0951252" />
      <name_hex_preserve>QmlwMDEgTCBGb290AAAAAAAAAAAAAAAAAAAAAAAAAAAAAAAAAAAAAAAAAAAAAAAA</name_hex_preserve>
    </bone>
    <bone name="Bip01 L Toe0">
      <flags>0</flags>
      <parent_id>7</parent_id>
      <full_world_inverse m00="0.524912059" m01="0.3624882" m02="0.770110846" m03="8.105882" m10="-0.139750078" m11="0.9292056" m12="-0.342119247" m13="-6.119967" m20="-0.8396052" m21="0.07195991" m22="0.5384089" m23="34.53382" />
      <name_hex_preserve>QmlwMDEgTCBUb2UwAAAAAAAAAAAAAAAAAAAAAAAAAAAAAAAAAAAAAAAAAAAAAAAA</name_hex_preserve>
    </bone>
    <bone name="Bip01 L Toe01">
      <flags>0</flags>
      <parent_id>8</parent_id>
      <full_world_inverse m00="0.5163415" m01="-0.202073127" m02="0.8322005" m03="5.24044752" m10="0.168683127" m11="0.97672236" m12="0.132506818" m13="-3.89403582" m20="-0.8396052" m21="0.07195991" m22="0.5384089" m23="34.53382" />
      <name_hex_preserve>QmlwMDEgTCBUb2UwMQAAAAAAAAAAAAAAAAAAAAAAAAAAAAAAAAAAAAAAAAAAAAAA</name_hex_preserve>
    </bone>
    <bone name="Bip01 L Toe0Nub">
      <flags>0</flags>
      <parent_id>9</parent_id>
      <full_world_inverse m00="0.5163415" m01="-0.202073127" m02="0.8322005" m03="-0.341569424" m10="0.168683127" m11="0.97672236" m12="0.132506818" m13="-3.89403582" m20="0.8396052" m21="-0.07195991" m22="-0.5384089" m23="-34.53382" />
      <name_hex_preserve>QmlwMDEgTCBUb2UwTnViAAAAAAAAAAAAAAAAAAAAAAAAAAAAAAAAAAAAAAAAAAAA</name_hex_preserve>
    </bone>
    <bone name="Bip01 L Toe1">
      <flags>0</flags>
      <parent_id>7</parent_id>
      <full_world_inverse m00="0.22037974" m01="0.3894809" m02="0.894280255" m03="17.9604225" m10="-0.132147312" m11="0.9202896" m12="-0.368243039" m13="-7.37866" m20="-0.966421247" m21="-0.03702215" m22="0.2542823" m23="24.94736" />
      <name_hex_preserve>QmlwMDEgTCBUb2UxAAAAAAAAAAAAAAAAAAAAAAAAAAAAAAAAAAAAAAAAAAAAAAAA</name_hex_preserve>
    </bone>
    <bone name="Bip01 L Toe11">
      <flags>0</flags>
      <parent_id>11</parent_id>
      <full_world_inverse m00="0.2526181" m01="-0.318098158" m02="0.9137815" m03="12.70357" m10="0.047055494" m11="0.9473338" m12="0.316770077" m13="1.38723636" m20="-0.966421247" m21="-0.03702215" m22="0.2542823" m23="24.94736" />
      <name_hex_preserve>QmlwMDEgTCBUb2UxMQAAAAAAAAAAAAAAAAAAAAAAAAAAAAAAAAAAAAAAAAAAAAAA</name_hex_preserve>
    </bone>
    <bone name="Bip01 L Toe1Nub">
      <flags>0</flags>
      <parent_id>12</parent_id>
      <full_world_inverse m00="0.2526181" m01="-0.318098158" m02="0.9137815" m03="4.41000748" m10="0.047055494" m11="0.9473338" m12="0.316770077" m13="1.38723636" m20="0.966421247" m21="0.03702215" m22="-0.2542823" m23="-24.9473572" />
      <name_hex_preserve>QmlwMDEgTCBUb2UxTnViAAAAAAAAAAAAAAAAAAAAAAAAAAAAAAAAAAAAAAAAAAAA</name_hex_preserve>
    </bone>
    <bone name="Bip01 L Toe2">
      <flags>0</flags>
      <parent_id>7</parent_id>
      <full_world_inverse m00="0.0392254069" m01="0.3834481" m02="0.9227293" m03="22.4258728" m10="-0.0294326749" m11="0.9234812" m12="-0.382509083" m13="-9.566122" m20="-0.9987972" m21="-0.0121540762" m22="0.0475096181" m23="16.4817142" />
      <name_hex_preserve>QmlwMDEgTCBUb2UyAAAAAAAAAAAAAAAAAAAAAAAAAAAAAAAAAAAAAAAAAAAAAAAA</name_hex_preserve>
    </bone>
    <bone name="Bip01 L Toe21">
      <flags>0</flags>
      <parent_id>14</parent_id>
      <full_world_inverse m00="0.04896736" m01="-0.29986456" m02="0.9527236" m03="16.5280857" m10="0.00266689318" m11="0.9539033" m12="0.3001005" m13="1.3810333" m20="-0.9987972" m21="-0.0121540762" m22="0.0475096181" m23="16.4817142" />
      <name_hex_preserve>QmlwMDEgTCBUb2UyMQAAAAAAAAAAAAAAAAAAAAAAAAAAAAAAAAAAAAAAAAAAAAAA</name_hex_preserve>
    </bone>
    <bone name="Bip01 L Toe2Nub">
      <flags>0</flags>
      <parent_id>15</parent_id>
      <full_world_inverse m00="0.04896736" m01="-0.29986456" m02="0.9527236" m03="9.86096" m10="0.00266689318" m11="0.9539033" m12="0.3001005" m13="1.3810333" m20="0.9987972" m21="0.0121540762" m22="-0.0475096181" m23="-16.4817142" />
      <name_hex_preserve>QmlwMDEgTCBUb2UyTnViAAAAAAAAAAAAAAAAAAAAAAAAAAAAAAAAAAAAAAAAAAAA</name_hex_preserve>
    </bone>
    <bone name="Bip01 L Toe3">
      <flags>0</flags>
      <parent_id>7</parent_id>
      <full_world_inverse m00="-0.00902021" m01="-0.182173282" m02="-0.983225048" m03="-33.8293381" m10="0.0031794894" m11="0.983253956" m12="-0.182207078" m13="-10.7008657" m20="0.999954939" m21="-0.004770699" m22="-0.008289369" m23="-18.78513" />
      <name_hex_preserve>QmlwMDEgTCBUb2UzAAAAAAAAAAAAAAAAAAAAAAAAAAAAAAAAAAAAAAAAAAAAAAAA</name_hex_preserve>
    </bone>
    <bone name="Bip01 L Toe31">
      <flags>0</flags>
      <parent_id>17</parent_id>
      <full_world_inverse m00="-0.00902021" m01="-0.182173282" m02="-0.983225048" m03="-43.41239" m10="0.0031794894" m11="0.983253956" m12="-0.182207078" m13="-10.7008657" m20="0.999954939" m21="-0.004770699" m22="-0.008289369" m23="-18.78513" />
      <name_hex_preserve>QmlwMDEgTCBUb2UzMQAAAAAAAAAAAAAAAAAAAAAAAAAAAAAAAAAAAAAAAAAAAAAA</name_hex_preserve>
    </bone>
    <bone name="Bip01 L Toe3Nub">
      <flags>0</flags>
      <parent_id>18</parent_id>
      <full_world_inverse m00="-0.00902021" m01="-0.182173282" m02="-0.983225048" m03="-44.2926025" m10="0.0031794894" m11="0.983253956" m12="-0.182207078" m13="-10.7008657" m20="-0.999954939" m21="0.004770699" m22="0.008289369" m23="18.7851276" />
      <name_hex_preserve>QmlwMDEgTCBUb2UzTnViAAAAAAAAAAAAAAAAAAAAAAAAAAAAAAAAAAAAAAAAAAAA</name_hex_preserve>
    </bone>
    <bone name="FootL_ref">
      <flags>0</flags>
      <parent_id>7</parent_id>
      <full_world_inverse m00="1.07575841E-06" m01="-3.679999" m02="-2.14396573E-06" m03="2.531203" m10="0.639025033" m11="4.25778126E-07" m12="3.62408876" m13="84.30056" m20="-3.62409043" m21="6.7554555E-07" m22="0.639024436" m23="85.72881" />
      <name_hex_preserve>Rm9vdExfcmVmAAAAAAAAAAAAAAAAAAAAAAAAAAAAAAAAAAAAAAAAAAAAAAAAAAAA</name_hex_preserve>
    </bone>
    <bone name="Bip01 R Thigh">
      <flags>0</flags>
      <parent_id>3</parent_id>
      <full_world_inverse m00="-0.04997003" m01="-0.9571328" m02="-0.285305053" m03="39.5771866" m10="-0.116426557" m11="-0.278131455" m12="0.9534607" m13="29.4007034" m20="-0.9919422" m21="0.0808614641" m22="-0.0975368" m23="-21.55126" />
      <name_hex_preserve>QmlwMDEgUiBUaGlnaAAAAAAAAAAAAAAAAAAAAAAAAAAAAAAAAAAAAAAAAAAAAAAA</name_hex_preserve>
    </bone>
    <bone name="Bip01 R Calf">
      <flags>0</flags>
      <parent_id>21</parent_id>
      <full_world_inverse m00="-0.005183127" m01="-0.795102537" m02="-0.6064529" m03="8.221009" m10="-0.126591027" m11="-0.6010596" m12="0.7891144" m13="34.6048126" m20="-0.9919422" m21="0.0808614641" m22="-0.0975368" m23="-21.55126" />
      <name_hex_preserve>QmlwMDEgUiBDYWxmAAAAAAAAAAAAAAAAAAAAAAAAAAAAAAAAAAAAAAAAAAAAAAAA</name_hex_preserve>
    </bone>
    <bone name="Bip01 R HorseLink">
      <flags>0</flags>
      <parent_id>22</parent_id>
      <full_world_inverse m00="-0.09162322" m01="-0.989538431" m02="0.11143627" m03="20.0835342" m10="-0.0875062048" m11="0.119475275" m12="0.9889734" m13="28.7081757" m20="-0.9919422" m21="0.0808614641" m22="-0.0975368" m23="-21.55126" />
      <name_hex_preserve>QmlwMDEgUiBIb3JzZUxpbmsAAAAAAAAAAAAAAAAAAAAAAAAAAAAAAAAAAAAAAAAA</name_hex_preserve>
    </bone>
    <bone name="Bip01 R Foot">
      <flags>0</flags>
      <parent_id>23</parent_id>
      <full_world_inverse m00="-2.44121225E-07" m01="-0.9999995" m02="-9.52492E-07" m03="5.79854" m10="-0.1650471" m11="3.78374125E-07" m12="0.986285448" m13="27.90763" m20="-0.9862864" m21="4.85865939E-07" m22="-0.16504623" m23="-23.0951233" />
      <name_hex_preserve>QmlwMDEgUiBGb290AAAAAAAAAAAAAAAAAAAAAAAAAAAAAAAAAAAAAAAAAAAAAAAA</name_hex_preserve>
    </bone>
    <bone name="Bip01 R Toe0">
      <flags>0</flags>
      <parent_id>24</parent_id>
      <full_world_inverse m00="-0.524911165" m01="0.362488657" m02="0.770112157" m03="8.105865" m10="0.139749527" m11="0.9292057" m12="-0.3421192" m13="-6.11997271" m20="-0.8396074" m21="-0.07195943" m22="-0.5384072" m23="-34.533844" />
      <name_hex_preserve>QmlwMDEgUiBUb2UwAAAAAAAAAAAAAAAAAAAAAAAAAAAAAAAAAAAAAAAAAAAAAAAA</name_hex_preserve>
    </bone>
    <bone name="Bip01 R Toe01">
      <flags>0</flags>
      <parent_id>25</parent_id>
      <full_world_inverse m00="-0.516340435" m01="-0.202072784" m02="0.83220154" m03="5.240434" m10="-0.168683082" m11="0.9767226" m12="0.132507563" m13="-3.89404941" m20="-0.8396074" m21="-0.07195943" m22="-0.5384072" m23="-34.5338478" />
      <name_hex_preserve>QmlwMDEgUiBUb2UwMQAAAAAAAAAAAAAAAAAAAAAAAAAAAAAAAAAAAAAAAAAAAAAA</name_hex_preserve>
    </bone>
    <bone name="Bip01 R Toe0Nub">
      <flags>0</flags>
      <parent_id>26</parent_id>
      <full_world_inverse m00="-0.516340435" m01="-0.202072784" m02="0.83220154" m03="-0.341582775" m10="-0.168683082" m11="0.9767226" m12="0.132507563" m13="-3.89404941" m20="-0.8396074" m21="-0.07195943" m22="-0.5384072" m23="-34.5338478" />
      <name_hex_preserve>QmlwMDEgUiBUb2UwTnViAAAAAAAAAAAAAAAAAAAAAAAAAAAAAAAAAAAAAAAAAAAA</name_hex_preserve>
    </bone>
    <bone name="Bip01 R Toe1">
      <flags>0</flags>
      <parent_id>24</parent_id>
      <full_world_inverse m00="-0.220378146" m01="0.389481217" m02="0.894280851" m03="17.960413" m10="0.1321466" m11="0.9202897" m12="-0.36824283" m13="-7.37866449" m20="-0.9664223" m21="0.037022803" m22="-0.254279763" m23="-24.9473572" />
      <name_hex_preserve>QmlwMDEgUiBUb2UxAAAAAAAAAAAAAAAAAAAAAAAAAAAAAAAAAAAAAAAAAAAAAAAA</name_hex_preserve>
    </bone>
    <bone name="Bip01 R Toe11">
      <flags>0</flags>
      <parent_id>28</parent_id>
      <full_world_inverse m00="-0.252616435" m01="-0.318098" m02="0.913781762" m03="12.7035618" m10="-0.0470549539" m11="0.9473342" m12="0.316770554" m13="1.38722432" m20="-0.9664223" m21="0.037022803" m22="-0.254279763" m23="-24.94736" />
      <name_hex_preserve>QmlwMDEgUiBUb2UxMQAAAAAAAAAAAAAAAAAAAAAAAAAAAAAAAAAAAAAAAAAAAAAA</name_hex_preserve>
    </bone>
    <bone name="Bip01 R Toe1Nub">
      <flags>0</flags>
      <parent_id>29</parent_id>
      <full_world_inverse m00="-0.252616435" m01="-0.318098" m02="0.913781762" m03="4.41000175" m10="-0.0470549539" m11="0.9473342" m12="0.316770554" m13="1.38722432" m20="-0.9664223" m21="0.037022803" m22="-0.254279763" m23="-24.94736" />
      <name_hex_preserve>QmlwMDEgUiBUb2UxTnViAAAAAAAAAAAAAAAAAAAAAAAAAAAAAAAAAAAAAAAAAAAA</name_hex_preserve>
    </bone>
    <bone name="Bip01 R Toe2">
      <flags>0</flags>
      <parent_id>24</parent_id>
      <full_world_inverse m00="-0.0392236672" m01="0.3834483" m02="0.9227295" m03="22.4258652" m10="0.0294319037" m11="0.9234813" m12="-0.3825088" m13="-9.56613" m20="-0.998797834" m21="0.0121547123" m22="-0.0475070477" m23="-16.4817123" />
      <name_hex_preserve>QmlwMDEgUiBUb2UyAAAAAAAAAAAAAAAAAAAAAAAAAAAAAAAAAAAAAAAAAAAAAAAA</name_hex_preserve>
    </bone>
    <bone name="Bip01 R Toe21">
      <flags>0</flags>
      <parent_id>31</parent_id>
      <full_world_inverse m00="-0.0489655323" m01="-0.299864441" m02="0.952723563" m03="16.5280838" m10="-0.00266636559" m11="0.9539035" m12="0.300100833" m13="1.38102257" m20="-0.998797834" m21="0.0121547123" m22="-0.0475070477" m23="-16.4817142" />
      <name_hex_preserve>QmlwMDEgUiBUb2UyMQAAAAAAAAAAAAAAAAAAAAAAAAAAAAAAAAAAAAAAAAAAAAAA</name_hex_preserve>
    </bone>
    <bone name="Bip01 R Toe2Nub">
      <flags>0</flags>
      <parent_id>32</parent_id>
      <full_world_inverse m00="-0.0489655323" m01="-0.299864441" m02="0.952723563" m03="9.860958" m10="-0.00266636559" m11="0.9539035" m12="0.300100833" m13="1.38102257" m20="-0.998797834" m21="0.0121547123" m22="-0.0475070477" m23="-16.4817142" />
      <name_hex_preserve>QmlwMDEgUiBUb2UyTnViAAAAAAAAAAAAAAAAAAAAAAAAAAAAAAAAAAAAAAAAAAAA</name_hex_preserve>
    </bone>
    <bone name="Bip01 R Toe3">
      <flags>0</flags>
      <parent_id>24</parent_id>
      <full_world_inverse m00="0.00901835" m01="-0.182173371" m02="-0.9832252" m03="-33.8293343" m10="-0.0031798922" m11="0.9832542" m12="-0.18220669" m13="-10.7008753" m20="0.9999554" m21="0.00477001537" m22="0.008286793" m23="18.7851276" />
      <name_hex_preserve>QmlwMDEgUiBUb2UzAAAAAAAAAAAAAAAAAAAAAAAAAAAAAAAAAAAAAAAAAAAAAAAA</name_hex_preserve>
    </bone>
    <bone name="Bip01 R Toe31">
      <flags>0</flags>
      <parent_id>34</parent_id>
      <full_world_inverse m00="0.00901835" m01="-0.182173371" m02="-0.9832252" m03="-43.4123878" m10="-0.0031798922" m11="0.9832542" m12="-0.18220669" m13="-10.7008753" m20="0.9999554" m21="0.00477001537" m22="0.008286793" m23="18.7851257" />
      <name_hex_preserve>QmlwMDEgUiBUb2UzMQAAAAAAAAAAAAAAAAAAAAAAAAAAAAAAAAAAAAAAAAAAAAAA</name_hex_preserve>
    </bone>
    <bone name="Bip01 R Toe3Nub">
      <flags>0</flags>
      <parent_id>35</parent_id>
      <full_world_inverse m00="0.00901835" m01="-0.182173371" m02="-0.9832252" m03="-44.2926025" m10="-0.0031798922" m11="0.9832542" m12="-0.18220669" m13="-10.7008753" m20="0.9999554" m21="0.00477001537" m22="0.008286793" m23="18.7851257" />
      <name_hex_preserve>QmlwMDEgUiBUb2UzTnViAAAAAAAAAAAAAAAAAAAAAAAAAAAAAAAAAAAAAAAAAAAA</name_hex_preserve>
    </bone>
    <bone name="FootR_ref">
      <flags>0</flags>
      <parent_id>24</parent_id>
      <full_world_inverse m00="-8.983665E-07" m01="-3.68" m02="-3.50517212E-06" m03="2.53124166" m10="-0.6390184" m11="1.36928554E-06" m12="3.62409019" m13="84.3006" m20="-3.62409377" m21="1.77557467E-06" m22="-0.6390152" m23="-85.72881" />
      <name_hex_preserve>Rm9vdFJfcmVmAAAAAAAAAAAAAAAAAAAAAAAAAAAAAAAAAAAAAAAAAAAAAAAAAAAA</name_hex_preserve>
    </bone>
    <bone name="Bip01 Spine1">
      <flags>0</flags>
      <parent_id>3</parent_id>
      <full_world_inverse m00="9.713854E-07" m01="-0.009522985" m02="0.999954343" m03="3.69864368" m10="-3.00938564E-06" m11="-0.9999542" m12="-0.009522993" m13="42.97646" m20="1" m21="-3.00934016E-06" m22="-1.03813773E-06" m23="0.0001230155" />
      <name_hex_preserve>QmlwMDEgU3BpbmUxAAAAAAAAAAAAAAAAAAAAAAAAAAAAAAAAAAAAAAAAAAAAAAAA</name_hex_preserve>
    </bone>
    <bone name="Bip01 Spine2">
      <flags>0</flags>
      <parent_id>38</parent_id>
      <full_world_inverse m00="9.713854E-07" m01="-0.009522985" m02="0.999954343" m03="-13.2535982" m10="-3.00938564E-06" m11="-0.9999542" m12="-0.009522993" m13="42.99489" m20="1" m21="-3.00934016E-06" m22="-1.03813773E-06" m23="0.0001230155" />
      <name_hex_preserve>QmlwMDEgU3BpbmUyAAAAAAAAAAAAAAAAAAAAAAAAAAAAAAAAAAAAAAAAAAAAAAAA</name_hex_preserve>
    </bone>
    <bone name="Bip01 H1 NeckRoot">
      <flags>0</flags>
      <parent_id>39</parent_id>
      <full_world_inverse m00="1" m01="-2.44972938E-07" m02="4.992193E-07" m03="-5.272659" m10="2.9806408E-08" m11="0.182235628" m12="-0.9832542" m13="5.78349447" m20="4.297662E-09" m21="0.9832541" m22="0.182235643" m23="-60.808918" />
      <name_hex_preserve>QmlwMDEgSDEgTmVja1Jvb3QAAAAAAAAAAAAAAAAAAAAAAAAAAAAAAAAAAAAAAAAA</name_hex_preserve>
    </bone>
    <bone name="Bip01 H1 Neck1">
      <flags>0</flags>
      <parent_id>40</parent_id>
      <full_world_inverse m00="1" m01="-2.470704E-07" m02="4.989739E-07" m03="-5.68041754" m10="2.92572757E-08" m11="0.08715568" m12="-0.9961942" m13="11.7180214" m20="7.134702E-09" m21="0.996194065" m22="0.0871556848" m23="-65.951" />
      <name_hex_preserve>QmlwMDEgSDEgTmVjazEAAAAAAAAAAAAAAAAAAAAAAAAAAAAAAAAAAAAAAAAAAAAA</name_hex_preserve>
    </bone>
    <bone name="Bip01 H1 Neck2">
      <flags>0</flags>
      <parent_id>41</parent_id>
      <full_world_inverse m00="1" m01="-2.42800155E-07" m02="4.99328962E-07" m03="-5.942906" m10="2.89182278E-08" m11="0.043619737" m12="-0.999047935" m13="14.6735258" m20="8.404087E-09" m21="0.9990479" m22="0.04361975" m23="-71.98913" />
      <name_hex_preserve>QmlwMDEgSDEgTmVjazIAAAAAAAAAAAAAAAAAAAAAAAAAAAAAAAAAAAAAAAAAAAAA</name_hex_preserve>
    </bone>
    <bone name="Bip01 H1 Neck3">
      <flags>0</flags>
      <parent_id>42</parent_id>
      <full_world_inverse m00="1" m01="-2.420877E-07" m02="4.99369037E-07" m03="-5.987926" m10="2.9060482E-08" m11="0.06104845" m12="-0.9981342" m13="12.9968233" m20="7.898124E-09" m21="0.9981342" m22="0.0610484667" m23="-78.98037" />
      <name_hex_preserve>QmlwMDEgSDEgTmVjazMAAAAAAAAAAAAAAAAAAAAAAAAAAAAAAAAAAAAAAAAAAAAA</name_hex_preserve>
    </bone>
    <bone name="Bip01 H1 Neck4">
      <flags>0</flags>
      <parent_id>43</parent_id>
      <full_world_inverse m00="1" m01="-2.42705568E-07" m02="4.995295E-07" m03="-5.417511" m10="2.88437842E-08" m11="0.0348993726" m12="-0.9993906" m13="14.8339386" m20="8.656136E-09" m21="0.999390543" m22="0.0348993875" m23="-85.4494" />
      <name_hex_preserve>QmlwMDEgSDEgTmVjazQAAAAAAAAAAAAAAAAAAAAAAAAAAAAAAAAAAAAAAAAAAAAA</name_hex_preserve>
    </bone>
    <bone name="Bip01 H1 Neck5">
      <flags>0</flags>
      <parent_id>44</parent_id>
      <full_world_inverse m00="1" m01="-2.44063074E-07" m02="4.994821E-07" m03="-5.711487" m10="2.88437842E-08" m11="0.0348993726" m12="-0.9993906" m13="14.7813883" m20="8.656136E-09" m21="0.999390543" m22="0.0348993875" m23="-92.16678" />
      <name_hex_preserve>QmlwMDEgSDEgTmVjazUAAAAAAAAAAAAAAAAAAAAAAAAAAAAAAAAAAAAAAAAAAAAA</name_hex_preserve>
    </bone>
    <bone name="Bip01 H1 Neck6">
      <flags>0</flags>
      <parent_id>45</parent_id>
      <full_world_inverse m00="1" m01="-2.40981535E-07" m02="4.99430257E-07" m03="-6.019452" m10="2.860732E-08" m11="0.008726363" m12="-0.9999621" m13="17.10253" m20="9.408217E-09" m21="0.999962032" m22="0.008726374" m23="-98.47853" />
      <name_hex_preserve>QmlwMDEgSDEgTmVjazYAAAAAAAAAAAAAAAAAAAAAAAAAAAAAAAAAAAAAAAAAAAAA</name_hex_preserve>
    </bone>
    <bone name="Bip01 H1 Neck7">
      <flags>0</flags>
      <parent_id>46</parent_id>
      <full_world_inverse m00="1" m01="-2.40616885E-07" m02="4.99388136E-07" m03="-6.31579828" m10="2.88438038E-08" m11="0.0348994" m12="-0.9993913" m13="14.3161507" m20="8.65614247E-09" m21="0.9993913" m22="0.0348994136" m23="-105.489754" />
      <name_hex_preserve>QmlwMDEgSDEgTmVjazcAAAAAAAAAAAAAAAAAAAAAAAAAAAAAAAAAAAAAAAAAAAAA</name_hex_preserve>
    </bone>
    <bone name="Bip01 H1 Head">
      <flags>0</flags>
      <parent_id>47</parent_id>
      <full_world_inverse m00="1" m01="-2.535595E-07" m02="4.99036332E-07" m03="-5.450719" m10="2.86883353E-08" m11="0.0174527187" m12="-0.9998479" m13="14.6066561" m20="9.158205E-09" m21="0.999848" m22="0.0174527243" m23="-112.507484" />
      <name_hex_preserve>QmlwMDEgSDEgSGVhZAAAAAAAAAAAAAAAAAAAAAAAAAAAAAAAAAAAAAAAAAAAAAAA</name_hex_preserve>
    </bone>
    <bone name="Bip01 H1 HeadNub">
      <flags>0</flags>
      <parent_id>48</parent_id>
      <full_world_inverse m00="1" m01="-2.5374456E-07" m02="4.990331E-07" m03="-5.38636875" m10="2.86883353E-08" m11="0.0174527187" m12="-0.9998479" m13="16.3332634" m20="9.158205E-09" m21="0.999848" m22="0.0174527243" m23="-132.254044" />
      <name_hex_preserve>QmlwMDEgSDEgSGVhZE51YgAAAAAAAAAAAAAAAAAAAAAAAAAAAAAAAAAAAAAAAAAA</name_hex_preserve>
    </bone>
    <bone name="Bip01 H1 Jaw">
      <flags>0</flags>
      <parent_id>48</parent_id>
      <full_world_inverse m00="1" m01="-2.53585966E-07" m02="4.99036958E-07" m03="-5.45859766" m10="2.86073281E-08" m11="0.00872747" m12="-0.9999621" m13="19.13666" m20="9.408189E-09" m21="0.999962032" m22="0.008727385" m23="-116.137596" />
      <name_hex_preserve>QmlwMDEgSDEgSmF3AAAAAAAAAAAAAAAAAAAAAAAAAAAAAAAAAAAAAAAAAAAAAAAA</name_hex_preserve>
    </bone>
    <bone name="Bip01 H1 JawNub">
      <flags>0</flags>
      <parent_id>50</parent_id>
      <full_world_inverse m00="1" m01="-2.53512155E-07" m02="4.990376E-07" m03="-5.39424562" m10="2.86073281E-08" m11="0.00872747" m12="-0.9999621" m13="19.05292" m20="9.408189E-09" m21="0.999962032" m22="0.008727385" m23="-131.849747" />
      <name_hex_preserve>QmlwMDEgSDEgSmF3TnViAAAAAAAAAAAAAAAAAAAAAAAAAAAAAAAAAAAAAAAAAAAA</name_hex_preserve>
    </bone>
    <bone name="Bip01 H2 NeckRoot">
      <flags>0</flags>
      <parent_id>39</parent_id>
      <full_world_inverse m00="1" m01="-2.762201E-07" m02="4.802695E-07" m03="5.488174" m10="2.98062766E-08" m11="0.182235613" m12="-0.983254254" m13="5.82093525" m20="4.297822E-09" m21="0.9832542" m22="0.182235673" m23="-60.8089256" />
      <name_hex_preserve>QmlwMDEgSDIgTmVja1Jvb3QAAAAAAAAAAAAAAAAAAAAAAAAAAAAAAAAAAAAAAAAA</name_hex_preserve>
    </bone>
    <bone name="Bip01 H2 Neck1">
      <flags>0</flags>
      <parent_id>52</parent_id>
      <full_world_inverse m00="1" m01="-2.7758054E-07" m02="4.801914E-07" m03="5.08041525" m10="2.925713E-08" m11="0.087155655" m12="-0.9961943" m13="11.7554636" m20="7.1348496E-09" m21="0.9961942" m22="0.0871557" m23="-65.951" />
      <name_hex_preserve>QmlwMDEgSDIgTmVjazEAAAAAAAAAAAAAAAAAAAAAAAAAAAAAAAAAAAAAAAAAAAAA</name_hex_preserve>
    </bone>
    <bone name="Bip01 H2 Neck2">
      <flags>0</flags>
      <parent_id>53</parent_id>
      <full_world_inverse m00="1" m01="-2.7910508E-07" m02="4.80145E-07" m03="4.81792641" m10="2.8918075E-08" m11="0.0436197072" m12="-0.999048054" m13="14.710969" m20="8.40422754E-09" m21="0.999047935" m22="0.0436197519" m23="-71.98912" />
      <name_hex_preserve>QmlwMDEgSDIgTmVjazIAAAAAAAAAAAAAAAAAAAAAAAAAAAAAAAAAAAAAAAAAAAAA</name_hex_preserve>
    </bone>
    <bone name="Bip01 H2 Neck3">
      <flags>0</flags>
      <parent_id>54</parent_id>
      <full_world_inverse m00="1" m01="-2.78858977E-07" m02="4.801654E-07" m03="4.7729063" m10="2.90603328E-08" m11="0.0610484257" m12="-0.9981344" m13="13.0342674" m20="7.898267E-09" m21="0.998134255" m22="0.0610484742" m23="-78.9803543" />
      <name_hex_preserve>QmlwMDEgSDIgTmVjazMAAAAAAAAAAAAAAAAAAAAAAAAAAAAAAAAAAAAAAAAAAAAA</name_hex_preserve>
    </bone>
    <bone name="Bip01 H2 Neck4">
      <flags>0</flags>
      <parent_id>55</parent_id>
      <full_world_inverse m00="1" m01="-2.75830274E-07" m02="4.801828E-07" m03="5.343321" m10="2.884363E-08" m11="0.0348993465" m12="-0.9993907" m13="14.8713789" m20="8.656276E-09" m21="0.9993906" m22="0.03489939" m23="-85.44939" />
      <name_hex_preserve>QmlwMDEgSDIgTmVjazQAAAAAAAAAAAAAAAAAAAAAAAAAAAAAAAAAAAAAAAAAAAAA</name_hex_preserve>
    </bone>
    <bone name="Bip01 H2 Neck5">
      <flags>0</flags>
      <parent_id>56</parent_id>
      <full_world_inverse m00="1" m01="-2.7733816E-07" m02="4.80130154E-07" m03="5.049345" m10="2.884363E-08" m11="0.0348993465" m12="-0.9993907" m13="14.8188276" m20="8.656275E-09" m21="0.999390543" m22="0.0348993875" m23="-92.1667557" />
      <name_hex_preserve>QmlwMDEgSDIgTmVjazUAAAAAAAAAAAAAAAAAAAAAAAAAAAAAAAAAAAAAAAAAAAAA</name_hex_preserve>
    </bone>
    <bone name="Bip01 H2 Neck6">
      <flags>0</flags>
      <parent_id>57</parent_id>
      <full_world_inverse m00="1" m01="-2.76559774E-07" m02="4.80151868E-07" m03="4.74137974" m10="2.86071629E-08" m11="0.008726337" m12="-0.9999623" m13="17.13997" m20="9.408352E-09" m21="0.999962032" m22="0.00872637" m23="-98.47851" />
      <name_hex_preserve>QmlwMDEgSDIgTmVjazYAAAAAAAAAAAAAAAAAAAAAAAAAAAAAAAAAAAAAAAAAAAAA</name_hex_preserve>
    </bone>
    <bone name="Bip01 H2 Neck7">
      <flags>0</flags>
      <parent_id>58</parent_id>
      <full_world_inverse m00="1" m01="-2.800546E-07" m02="4.79993E-07" m03="4.445034" m10="2.88436528E-08" m11="0.0348993763" m12="-0.999391556" m13="14.3535938" m20="8.656281E-09" m21="0.9993913" m22="0.0348994173" m23="-105.489746" />
      <name_hex_preserve>QmlwMDEgSDIgTmVjazcAAAAAAAAAAAAAAAAAAAAAAAAAAAAAAAAAAAAAAAAAAAAA</name_hex_preserve>
    </bone>
    <bone name="Bip01 H2 Head">
      <flags>0</flags>
      <parent_id>59</parent_id>
      <full_world_inverse m00="1" m01="-2.81541872E-07" m02="4.798197E-07" m03="5.310112" m10="2.86881825E-08" m11="0.0174526945" m12="-0.9998481" m13="14.6440983" m20="9.158339E-09" m21="0.9998478" m22="0.01745272" m23="-112.507446" />
      <name_hex_preserve>QmlwMDEgSDIgSGVhZAAAAAAAAAAAAAAAAAAAAAAAAAAAAAAAAAAAAAAAAAAAAAAA</name_hex_preserve>
    </bone>
    <bone name="Bip01 H2 HeadNub">
      <flags>0</flags>
      <parent_id>60</parent_id>
      <full_world_inverse m00="1" m01="-2.8148807E-07" m02="4.79820642E-07" m03="5.374463" m10="2.86881825E-08" m11="0.0174526963" m12="-0.9998481" m13="16.3707085" m20="9.158338E-09" m21="0.99984777" m22="0.0174527187" m23="-132.254013" />
      <name_hex_preserve>QmlwMDEgSDIgSGVhZE51YgAAAAAAAAAAAAAAAAAAAAAAAAAAAAAAAAAAAAAAAAAA</name_hex_preserve>
    </bone>
    <bone name="Bip01 H2 Jaw">
      <flags>0</flags>
      <parent_id>60</parent_id>
      <full_world_inverse m00="1" m01="-2.81493953E-07" m02="4.79820869E-07" m03="5.302234" m10="2.86071735E-08" m11="0.008727413" m12="-0.9999623" m13="19.1663685" m20="9.408323E-09" m21="0.999962" m22="0.008727381" m23="-116.114784" />
      <name_hex_preserve>QmlwMDEgSDIgSmF3AAAAAAAAAAAAAAAAAAAAAAAAAAAAAAAAAAAAAAAAAAAAAAAA</name_hex_preserve>
    </bone>
    <bone name="Bip01 H2 JawNub">
      <flags>0</flags>
      <parent_id>62</parent_id>
      <full_world_inverse m00="1" m01="-2.81406358E-07" m02="4.798216E-07" m03="5.366586" m10="2.86071735E-08" m11="0.008727413" m12="-0.9999623" m13="19.0826283" m20="9.408323E-09" m21="0.999962" m22="0.008727381" m23="-131.826935" />
      <name_hex_preserve>QmlwMDEgSDIgSmF3TnViAAAAAAAAAAAAAAAAAAAAAAAAAAAAAAAAAAAAAAAAAAAA</name_hex_preserve>
    </bone>
    <bone name="Bip01 H3 NeckRoot">
      <flags>0</flags>
      <parent_id>39</parent_id>
      <full_world_inverse m00="1" m01="-2.51304357E-07" m02="5.288864E-07" m03="-10.4772072" m10="2.98060954E-08" m11="0.182235628" m12="-0.9832543" m13="18.66034" m20="4.29806857E-09" m21="0.983254135" m22="0.182235643" m23="-59.38169" />
      <name_hex_preserve>QmlwMDEgSDMgTmVja1Jvb3QAAAAAAAAAAAAAAAAAAAAAAAAAAAAAAAAAAAAAAAAA</name_hex_preserve>
    </bone>
    <bone name="Bip01 H3 Neck1">
      <flags>0</flags>
      <parent_id>64</parent_id>
      <full_world_inverse m00="1" m01="-2.570936E-07" m02="5.28041E-07" m03="-10.8849649" m10="2.92569258E-08" m11="0.0871556848" m12="-0.996194363" m13="24.3989658" m20="7.135077E-09" m21="0.996194065" m22="0.08715566" m23="-63.2997246" />
      <name_hex_preserve>QmlwMDEgSDMgTmVjazEAAAAAAAAAAAAAAAAAAAAAAAAAAAAAAAAAAAAAAAAAAAAA</name_hex_preserve>
    </bone>
    <bone name="Bip01 H3 Neck2">
      <flags>0</flags>
      <parent_id>65</parent_id>
      <full_world_inverse m00="1" m01="-2.553206E-07" m02="5.28265E-07" m03="-11.1474552" m10="2.89178637E-08" m11="0.04361975" m12="-0.9990482" m13="27.2267952" m20="8.404446E-09" m21="0.9990478" m22="0.04361971" m23="-68.78888" />
      <name_hex_preserve>QmlwMDEgSDMgTmVjazIAAAAAAAAAAAAAAAAAAAAAAAAAAAAAAAAAAAAAAAAAAAAA</name_hex_preserve>
    </bone>
    <bone name="Bip01 H3 Neck3">
      <flags>0</flags>
      <parent_id>66</parent_id>
      <full_world_inverse m00="1" m01="-2.55498321E-07" m02="5.282514E-07" m03="-11.1924744" m10="2.9060125E-08" m11="0.0610484667" m12="-0.9981345" m13="25.6040344" m20="7.898489E-09" m21="0.998134136" m22="0.0610484332" m23="-75.99903" />
      <name_hex_preserve>QmlwMDEgSDMgTmVjazMAAAAAAAAAAAAAAAAAAAAAAAAAAAAAAAAAAAAAAAAAAAAA</name_hex_preserve>
    </bone>
    <bone name="Bip01 H3 Neck4">
      <flags>0</flags>
      <parent_id>67</parent_id>
      <full_world_inverse m00="1" m01="-2.51353129E-07" m02="5.285195E-07" m03="-10.6220608" m10="2.88434165E-08" m11="0.03489939" m12="-0.999390841" m13="27.3588028" m20="8.656492E-09" m21="0.999390543" m22="0.03489935" m23="-82.14005" />
      <name_hex_preserve>QmlwMDEgSDMgTmVjazQAAAAAAAAAAAAAAAAAAAAAAAAAAAAAAAAAAAAAAAAAAAAA</name_hex_preserve>
    </bone>
    <bone name="Bip01 H3 Neck5">
      <flags>0</flags>
      <parent_id>68</parent_id>
      <full_world_inverse m00="1" m01="-2.52861E-07" m02="5.28466842E-07" m03="-10.9160366" m10="2.88434165E-08" m11="0.03489939" m12="-0.999390841" m13="27.3062534" m20="8.65649152E-09" m21="0.9993905" m22="0.0348993465" m23="-88.85742" />
      <name_hex_preserve>QmlwMDEgSDMgTmVjazUAAAAAAAAAAAAAAAAAAAAAAAAAAAAAAAAAAAAAAAAAAAAA</name_hex_preserve>
    </bone>
    <bone name="Bip01 H3 Neck6">
      <flags>0</flags>
      <parent_id>69</parent_id>
      <full_world_inverse m00="1" m01="-2.53552258E-07" m02="5.284196E-07" m03="-11.2240009" m10="2.86069426E-08" m11="0.008726382" m12="-0.99996233" m13="29.5364933" m20="9.408563E-09" m21="0.999962" m22="0.008726326" m23="-94.84342" />
      <name_hex_preserve>QmlwMDEgSDMgTmVjazYAAAAAAAAAAAAAAAAAAAAAAAAAAAAAAAAAAAAAAAAAAAAA</name_hex_preserve>
    </bone>
    <bone name="Bip01 H3 Neck7">
      <flags>0</flags>
      <parent_id>70</parent_id>
      <full_world_inverse m00="1" m01="-2.55939085E-07" m02="5.283783E-07" m03="-11.5203466" m10="2.88434379E-08" m11="0.0348994173" m12="-0.9993916" m13="26.84103" m20="8.656497E-09" m21="0.9993912" m22="0.03489937" m23="-102.1804" />
      <name_hex_preserve>QmlwMDEgSDMgTmVjazcAAAAAAAAAAAAAAAAAAAAAAAAAAAAAAAAAAAAAAAAAAAAA</name_hex_preserve>
    </bone>
    <bone name="Bip01 H3 Head">
      <flags>0</flags>
      <parent_id>71</parent_id>
      <full_world_inverse m00="1" m01="-2.54953562E-07" m02="5.28390729E-07" m03="-10.6552677" m10="2.8687964E-08" m11="0.0174527355" m12="-0.9998482" m13="27.0718746" m20="9.158551E-09" m21="0.9998477" m22="0.01745267" m23="-108.980675" />
      <name_hex_preserve>QmlwMDEgSDMgSGVhZAAAAAAAAAAAAAAAAAAAAAAAAAAAAAAAAAAAAAAAAAAAAAAA</name_hex_preserve>
    </bone>
    <bone name="Bip01 H3 HeadNub">
      <flags>0</flags>
      <parent_id>72</parent_id>
      <full_world_inverse m00="1" m01="-2.548926E-07" m02="5.283918E-07" m03="-10.5909176" m10="2.8687964E-08" m11="0.0174527373" m12="-0.9998482" m13="28.7801666" m20="9.158551E-09" m21="0.9998477" m22="0.01745267" m23="-128.918549" />
      <name_hex_preserve>QmlwMDEgSDMgSGVhZE51YgAAAAAAAAAAAAAAAAAAAAAAAAAAAAAAAAAAAAAAAAAA</name_hex_preserve>
    </bone>
    <bone name="Bip01 H3 Jaw">
      <flags>0</flags>
      <parent_id>72</parent_id>
      <full_world_inverse m00="1" m01="-2.549492E-07" m02="5.28391752E-07" m03="-10.663146" m10="2.86069533E-08" m11="0.008727425" m12="-0.99996233" m13="31.5629" m20="9.40853351E-09" m21="0.9999619" m22="0.008727332" m23="-112.479713" />
      <name_hex_preserve>QmlwMDEgSDMgSmF3AAAAAAAAAAAAAAAAAAAAAAAAAAAAAAAAAAAAAAAAAAAAAAAA</name_hex_preserve>
    </bone>
    <bone name="Bip01 H3 JawNub">
      <flags>0</flags>
      <parent_id>74</parent_id>
      <full_world_inverse m00="1" m01="-2.549279E-07" m02="5.283919E-07" m03="-10.5987949" m10="2.86069533E-08" m11="0.008727425" m12="-0.99996233" m13="31.607893" m20="9.40853351E-09" m21="0.9999619" m22="0.008727332" m23="-128.068527" />
      <name_hex_preserve>QmlwMDEgSDMgSmF3TnViAAAAAAAAAAAAAAAAAAAAAAAAAAAAAAAAAAAAAAAAAAAA</name_hex_preserve>
    </bone>
    <bone name="Bip01 H4 NeckRoot">
      <flags>0</flags>
      <parent_id>39</parent_id>
      <full_world_inverse m00="1" m01="-2.41545251E-07" m02="4.915198E-07" m03="0.13077347" m10="2.98063156E-08" m11="0.182235569" m12="-0.9832542" m13="19.5093918" m20="4.29786E-09" m21="0.9832541" m22="0.182235613" m23="-60.67891" />
      <name_hex_preserve>QmlwMDEgSDQgTmVja1Jvb3QAAAAAAAAAAAAAAAAAAAAAAAAAAAAAAAAAAAAAAAAA</name_hex_preserve>
    </bone>
    <bone name="Bip01 H4 Neck">
      <flags>0</flags>
      <parent_id>76</parent_id>
      <full_world_inverse m00="1" m01="-2.41545251E-07" m02="4.915198E-07" m03="0.13077347" m10="2.96836049E-08" m11="0.156434521" m12="-0.987687945" m13="21.18183" m20="5.07662934E-09" m21="0.987687945" m22="0.156434581" m23="-68.03767" />
      <name_hex_preserve>QmlwMDEgSDQgTmVjawAAAAAAAAAAAAAAAAAAAAAAAAAAAAAAAAAAAAAAAAAAAAAA</name_hex_preserve>
    </bone>
    <bone name="Bip01 H4 Neck1">
      <flags>0</flags>
      <parent_id>77</parent_id>
      <full_world_inverse m00="1" m01="-2.42780516E-07" m02="4.91354967E-07" m03="-0.276985437" m10="2.92571762E-08" m11="0.0871563" m12="-0.996194363" m13="25.9567585" m20="7.13487358E-09" m21="0.996194363" m22="0.08715636" m23="-73.29099" />
      <name_hex_preserve>QmlwMDEgSDQgTmVjazEAAAAAAAAAAAAAAAAAAAAAAAAAAAAAAAAAAAAAAAAAAAAA</name_hex_preserve>
    </bone>
    <bone name="Bip01 H4 Neck2">
      <flags>0</flags>
      <parent_id>78</parent_id>
      <full_world_inverse m00="1" m01="-2.42248262E-07" m02="4.913249E-07" m03="-0.5394745" m10="2.89181212E-08" m11="0.043620348" m12="-0.9990481" m13="29.218914" m20="8.404254E-09" m21="0.9990481" m22="0.0436204076" m23="-78.7027" />
      <name_hex_preserve>QmlwMDEgSDQgTmVjazIAAAAAAAAAAAAAAAAAAAAAAAAAAAAAAAAAAAAAAAAAAAAA</name_hex_preserve>
    </bone>
    <bone name="Bip01 H4 Neck3">
      <flags>0</flags>
      <parent_id>79</parent_id>
      <full_world_inverse m00="1" m01="-2.42315878E-07" m02="4.913251E-07" m03="-0.584493458" m10="2.9060379E-08" m11="0.06104907" m12="-0.998134434" m13="27.4228325" m20="7.898293E-09" m21="0.998134434" m22="0.06104913" m23="-85.946106" />
      <name_hex_preserve>QmlwMDEgSDQgTmVjazMAAAAAAAAAAAAAAAAAAAAAAAAAAAAAAAAAAAAAAAAAAAAA</name_hex_preserve>
    </bone>
    <bone name="Bip01 H4 Neck4">
      <flags>0</flags>
      <parent_id>80</parent_id>
      <full_world_inverse m00="1" m01="-2.38170685E-07" m02="4.915932E-07" m03="-0.0140798688" m10="2.88436759E-08" m11="0.0348999836" m12="-0.9993908" m13="29.43736" m20="8.656303E-09" m21="0.999390841" m22="0.0349000469" m23="-92.03611" />
      <name_hex_preserve>QmlwMDEgSDQgTmVjazQAAAAAAAAAAAAAAAAAAAAAAAAAAAAAAAAAAAAAAAAAAAAA</name_hex_preserve>
    </bone>
    <bone name="Bip01 H4 Neck5">
      <flags>0</flags>
      <parent_id>81</parent_id>
      <full_world_inverse m00="1" m01="-2.376964E-07" m02="4.9160974E-07" m03="-0.3080569" m10="2.88436759E-08" m11="0.0348999836" m12="-0.9993908" m13="29.38481" m20="8.656303E-09" m21="0.999390841" m22="0.0349000469" m23="-98.75348" />
      <name_hex_preserve>QmlwMDEgSDQgTmVjazUAAAAAAAAAAAAAAAAAAAAAAAAAAAAAAAAAAAAAAAAAAAAA</name_hex_preserve>
    </bone>
    <bone name="Bip01 H4 Neck6">
      <flags>0</flags>
      <parent_id>82</parent_id>
      <full_world_inverse m00="1" m01="-2.381162E-07" m02="4.915365E-07" m03="-0.616020858" m10="2.86072073E-08" m11="0.008726967" m12="-0.99996233" m13="31.8733864" m20="9.408381E-09" m21="0.9999623" m22="0.008727025" m23="-104.681679" />
      <name_hex_preserve>QmlwMDEgSDQgTmVjazYAAAAAAAAAAAAAAAAAAAAAAAAAAAAAAAAAAAAAAAAAAAAA</name_hex_preserve>
    </bone>
    <bone name="Bip01 H4 Neck7">
      <flags>0</flags>
      <parent_id>83</parent_id>
      <full_world_inverse m00="1" m01="-2.40468268E-07" m02="4.913239E-07" m03="-0.9123676" m10="2.88436972E-08" m11="0.03490001" m12="-0.9993916" m13="28.9195862" m20="8.656309E-09" m21="0.9993915" m22="0.03490007" m23="-112.076454" />
      <name_hex_preserve>QmlwMDEgSDQgTmVjazcAAAAAAAAAAAAAAAAAAAAAAAAAAAAAAAAAAAAAAAAAAAAA</name_hex_preserve>
    </bone>
    <bone name="Bip01 H4 Head">
      <flags>0</flags>
      <parent_id>84</parent_id>
      <full_world_inverse m00="1" m01="-2.38538377E-07" m02="4.915657E-07" m03="-0.0472898334" m10="2.86882269E-08" m11="0.0174533259" m12="-0.9998482" m13="29.32282" m20="9.158367E-09" m21="0.999848068" m22="0.01745337" m23="-118.838951" />
      <name_hex_preserve>QmlwMDEgSDQgSGVhZAAAAAAAAAAAAAAAAAAAAAAAAAAAAAAAAAAAAAAAAAAAAAAA</name_hex_preserve>
    </bone>
    <bone name="Bip01 H4 HeadNub">
      <flags>0</flags>
      <parent_id>85</parent_id>
      <full_world_inverse m00="1" m01="-2.38556936E-07" m02="4.91565345E-07" m03="0.01706017" m10="2.86882269E-08" m11="0.0174533259" m12="-0.9998482" m13="30.9773884" m20="9.158367E-09" m21="0.999848068" m22="0.01745337" m23="-138.823288" />
      <name_hex_preserve>QmlwMDEgSDQgSGVhZE51YgAAAAAAAAAAAAAAAAAAAAAAAAAAAAAAAAAAAAAAAAAA</name_hex_preserve>
    </bone>
    <bone name="Bip01 H4 Jaw">
      <flags>0</flags>
      <parent_id>85</parent_id>
      <full_world_inverse m00="1" m01="-2.38482926E-07" m02="4.915679E-07" m03="-0.05516684" m10="2.86072179E-08" m11="0.008727999" m12="-0.9999624" m13="33.89978" m20="9.408351E-09" m21="0.9999622" m22="0.008728032" m23="-122.31797" />
      <name_hex_preserve>QmlwMDEgSDQgSmF3AAAAAAAAAAAAAAAAAAAAAAAAAAAAAAAAAAAAAAAAAAAAAAAA</name_hex_preserve>
    </bone>
